11 6 4
0 117 370 415 -1 386 491 257 40 -1 27
117 0 540 -1 7 630 -1 590 -1 7 -1
370 540 0 21 285 -1 793 9 245 430 -1
415 -1 21 0 252 537 961 845 47 316 311
-1 7 285 252 0 47 492 439 590 290 163
386 630 -1 537 47 0 5 726 320 -1 -1
491 -1 793 961 492 5 0 16 521 758 -1
257 590 9 845 439 726 16 0 -1 -1 -1
40 -1 245 47 590 320 521 -1 0 -1 872
-1 7 430 316 290 -1 758 -1 -1 0 47
27 -1 -1 311 163 -1 -1 -1 872 47 0
0 102 722 717 211 845 762 346 644 715 -1
522 0 584 477 296 588 353 -1 632 611 194
100 -1 0 815 693 -1 183 432 221 577 144
270 781 233 0 -1 765 -1 -1 336 -1 328
986 -1 918 811 0 988 790 -1 764 679 579
-1 -1 111 530 -1 0 -1 -1 199 769 807
915 968 -1 108 237 122 0 415 992 -1 -1
711 837 378 -1 819 -1 -1 0 583 106 -1
-1 328 -1 864 -1 886 217 886 0 805 -1
982 969 364 -1 -1 529 348 831 307 0 126
-1 942 -1 880 -1 572 980 807 -1 822 0
