9 5 7
0 13 560 964 11 725 856 892 280
13 0 11 128 484 -1 631 179 199
560 11 0 -1 169 -1 6 881 908
964 128 -1 0 433 -1 437 32 7
11 484 169 433 0 2 171 -1 964
725 -1 -1 -1 2 0 -1 769 19
856 631 6 437 171 -1 0 5 247
892 179 881 32 -1 769 5 0 -1
280 199 908 7 964 19 247 -1 0
0 233 -1 -1 763 401 413 602 -1
988 0 -1 477 149 -1 165 -1 -1
604 -1 0 544 -1 678 997 639 416
524 974 827 0 345 492 853 -1 -1
471 -1 127 845 0 -1 721 178 -1
769 580 354 -1 204 0 178 814 -1
720 470 313 443 -1 288 0 -1 -1
-1 562 277 562 -1 817 -1 0 921
668 -1 290 536 -1 227 -1 570 0
