10 9 3
0 -1 837 694 -1 101 -1 35 50 301
-1 0 -1 856 1 957 15 -1 209 932
837 -1 0 27 3 457 808 -1 603 400
694 856 27 0 757 -1 -1 911 671 26
-1 1 3 757 0 624 213 -1 -1 483
101 957 457 -1 624 0 -1 602 22 32
-1 15 808 -1 213 -1 0 43 496 -1
35 -1 -1 911 -1 602 43 0 -1 449
50 209 603 671 -1 22 496 -1 0 363
301 932 400 26 483 32 -1 449 363 0
0 751 645 523 879 142 968 109 199 996
-1 0 650 -1 -1 400 586 915 -1 -1
-1 726 0 -1 249 537 811 614 441 -1
472 -1 -1 0 825 -1 910 120 182 486
686 -1 135 -1 0 804 -1 -1 -1 665
-1 -1 977 118 294 0 304 806 734 -1
-1 741 356 734 654 -1 0 876 -1 582
-1 -1 753 255 -1 -1 667 0 -1 525
-1 -1 -1 -1 -1 -1 -1 494 0 323
-1 523 -1 -1 -1 -1 -1 241 -1 0
