10 6 2
0 36 775 415 478 177 139 8 -1 195
36 0 13 473 285 422 908 325 -1 -1
775 13 0 38 353 -1 141 830 568 354
415 473 38 0 677 -1 716 -1 863 28
478 285 353 677 0 -1 50 -1 25 -1
177 422 -1 -1 -1 0 47 -1 168 20
139 908 141 716 50 47 0 459 -1 490
8 325 830 -1 -1 -1 459 0 26 672
-1 -1 568 863 25 168 -1 26 0 615
195 -1 354 28 -1 20 490 672 615 0
0 705 633 229 -1 569 444 -1 -1 -1
586 0 244 533 -1 581 -1 -1 840 -1
677 300 0 -1 885 462 -1 984 181 -1
566 552 -1 0 259 448 344 -1 498 750
115 614 983 -1 0 -1 646 481 613 789
883 408 604 125 415 0 -1 865 366 872
793 254 -1 652 495 713 0 471 -1 407
-1 136 723 601 684 -1 -1 0 -1 -1
465 927 809 -1 513 249 -1 257 0 432
-1 -1 948 -1 -1 682 761 -1 768 0
